1 45601U 20027C   20126.59206978 -.00002301  72874-5  00000+0 0  9993
2 45601  41.1011 328.7321 0161163 166.6361 257.4141 16.03559389    35
1 45601U 20027C   20126.72181517 -.00002301  72864-5  00000+0 0  9998
2 45601  41.1011 327.8854 0161163 167.6683 286.4931 16.03727946    51
1 45601U 20027C   20126.72291675  .01849426  71769-5  44705-3 0  9999
2 45601  41.1044 327.8724 0158258 167.9858 292.6170 16.04159043    53
1 45601U 20027C   20126.78668737  .02093826  71641-5  49811-3 0  9990
2 45601  41.1044 327.4559 0157473 168.4934 300.9335 16.04459954    65
1 45601U 20027C   20126.89230865  .02029501  71718-5  47426-3 0  9993
2 45601  41.1049 326.7672 0156230 169.3150 191.1039 16.04875610    82
1 45601U 20027C   20126.95452578  .01960738  71783-5  46115-3 0  9998
2 45601  41.1065 326.3663 0154949 169.9656 190.4191 16.05097170    98
1 45601U 20027C   20126.95452844  .01950330  71788-5  45903-3 0  9990
2 45601  41.1065 326.3663 0154949 169.9656 190.4315 16.05091355    95
1 45601U 20027C   20127.26547649  .00440044  72843-5  10000-3 0  9991
2 45601  41.1065 324.3313 0150925 172.4439 187.8494 16.06277676   140
1 45601U 20027C   20127.82457785  .01981910  72062-5  41171-3 0  9993
2 45601  41.1057 320.6625 0143598 176.8804 183.3107 16.08545534   233
1 45601U 20027C   20127.97163262  .02096656  72030-5  43583-3 0  9992
2 45601  41.1047 319.6911 0140419 178.7666 314.3406 16.09214563   250
1 45601U 20027C   20127.97163262  .02098699  72030-5  43712-3 0  9995
2 45601  41.1048 319.6913 0140339 178.7620 314.3442 16.09215072   250
1 45601U 20027C   20128.25888708  .02021432  72197-5  40569-3 0  9998
2 45601  41.1064 317.8127 0136368 181.4309 178.6642 16.10358927   305
1 45601U 20027C   20128.56880707  .02011649  72335-5  38610-3 0  9990
2 45601  41.1064 315.7691 0132302 183.9197 176.0028 16.11579208   357
1 45601U 20027C   20128.81659213  .02553286  72090-5  48478-3 0  9993
2 45601  41.0948 314.1306 0125618 186.8531 173.5536 16.13063400   393
1 45601U 20027C   20129.31135627  .03241756  72001-5  56862-3 0  9992
2 45601  41.0865 310.8583 0115639 190.9555 168.8511 16.15769830   476
1 45601U 20027C   20129.31136766  .05819713  70487-5  98389-3 0  9999
2 45601  41.0865 310.8582 0115638 190.9556 168.9437 16.16065016   479
1 45601U 20027C   20129.92862158  .02745990  73137-5  38223-3 0  9995
2 45601  41.1265 306.7369 0105748 195.9715 162.9444 16.19090763   577
1 45601U 20027C   20129.95204493  .02809827  72979-5  37508-3 0  9998
2 45601  41.1075 306.5835 0105688 195.9669 299.6989 16.19274026   571
1 45601U 20027C   20130.72940991  .03381106  73465-5  34185-3 0  9990
2 45601  41.0838 301.3789 0087062 200.1394 160.8003 16.24543887   708
1 45601U 20027C   20130.85214361  .02993661  73717-5  30023-3 0  9990
2 45601  41.0840 300.5538 0085595 204.2512 155.4919 16.24898174   720
1 45601U 20027C   20130.91353899  .03571007  73689-5  30266-3 0  9991
2 45601  41.0963 300.1440 0084562 204.4991 155.1776 16.25851179   734
1 45601U 20027C   20130.91358174  .03290814  73818-5  27264-3 0  9994
2 45601  41.0966 300.1384 0085291 204.6129 155.3150 16.25794928   735
1 45601U 20027C   20131.22043206  .03761566  74070-5  26079-3 0  9997
2 45601  41.0961 298.0724 0077860 207.1144 152.6665 16.28193422   782
1 45601U 20027C   20131.52678949  .04106816  74370-5  23692-3 0  9991
2 45601  41.0802 295.9982 0069107 210.2142 149.4302 16.30888878   833
1 45601U 20027C   20131.52685522  .04321365  74293-5  24263-3 0  9993
2 45601  41.0802 295.9977 0069106 210.2147 149.8580 16.31018224   834
1 45601U 20027C   20131.83271218  .05621081  74432-5  21489-3 0  9991
2 45601  41.0802 293.9182 0062320 212.7470 147.5364 16.34312625   882
1 45601U 20027C   20131.89370198  .05665230  74770-5  22368-3 0  9990
2 45601  41.0922 293.4992 0057850 214.8021 144.9018 16.35031755   897
1 45601U 20027C   20131.89370254  .05686729  74762-5  22418-3 0  9996
2 45601  41.0922 293.4992 0057850 214.8021 144.9081 16.35039709   894
1 45601U 20027C   20132.16561994  .06813295  74614-5  19478-3 0  9999
2 45601  41.0992 291.5437 0047511 218.0310 306.3166 16.38699845   933
1 45601U 20027C   20132.50255089  .08487658  77054-5  16248-3 0  9997
2 45601  41.0838 289.3097 0019499 214.4427 145.3746 16.45454049   996
1 45601U 20027C   20132.51081065  .09927392  76611-5  14609-3 0  9991
2 45601  41.0615 289.2102 0022630 212.2207 196.6502 16.46499520   991
1 45601U 20027C   20132.51460997  .09909948  76704-5  14425-3 0  9992
2 45601  41.0640 289.1875 0022668 214.3693 217.0407 16.46557901   998
1 45601U 20027C   20132.56320331  .17949913  76265-5  11616-3 0  9990
2 45601  41.0099 288.7421 0029890 217.3779 143.2379 16.50951186  1009
