1 48275U 21035B   21119.38074676 -.00002374  75164-5  00000+0 0  9996
2 48275  41.4803 222.2892 0154462 169.6230 265.0480 16.00794398    17
1 48275U 21035B   21119.61735435  .01105259  74456-5  42879-3 0  9992
2 48275  41.4763 220.7462 0151330 171.9220 188.4119 16.01390442    58
1 48275U 21035B   21119.67971047  .01056864  74490-5  40965-3 0  9998
2 48275  41.4767 220.3432 0150800 172.4286 187.8829 16.01509831    60
1 48275U 21035B   21120.42762195  .00984949  74569-5  36305-3 0  9998
2 48275  41.4759 215.5011 0146077 178.2394 181.8885 16.02971893   186
1 48275U 21035B   21120.61449450  .00980814  74582-5  35888-3 0  9992
2 48275  41.4759 214.2905 0144660 179.7626 180.3256 16.03334974   218
1 48275U 21035B   21120.67677647  .00980568  74586-5  35719-3 0  9992
2 48275  41.4758 213.8867 0144275 180.2562 179.8236 16.03456952   220
1 48275U 21035B   21121.42377413  .01513508  74314-5  53691-3 0  9999
2 48275  41.4703 209.0337 0137216 186.4693 173.4905 16.05151346   346
1 48275U 21035B   21121.48599301  .01211535  74510-5  41732-3 0  9993
2 48275  41.4705 208.6286 0137997 186.8167 173.1904 16.05275221   358
1 48275U 21035B   21122.48045968  .01296498  74754-5  40798-3 0  9991
2 48275  41.4736 202.1509 0129041 194.3098 165.4635 16.07951822   510
1 48275U 21035B   21122.60463824  .01642667  74612-5  49771-3 0  9996
2 48275  41.4714 201.3400 0127666 195.6074 164.2046 16.08579726   531
1 48275U 21035B   21122.60464714  .01315225  74782-5  40731-3 0  9997
2 48275  41.4736 201.3400 0128033 195.2864 164.4623 16.08305342   531
1 48275U 21035B   21122.66669380  .01429388  74763-5  44478-3 0  9996
2 48275  41.4717 200.9339 0126182 195.4176 164.1924 16.08633785   544
1 48275U 21035B   21123.22513780  .01613148  74891-5  44976-3 0  9995
2 48275  41.4713 197.2795 0121602 200.4328 159.7260 16.10572304   637
1 48275U 21035B   21123.59692546  .01574848  75072-5  42174-3 0  9996
2 48275  41.4708 194.8408 0117672 203.4456 156.0918 16.11729844   692
1 48275U 21035B   21124.21614603  .01678494  75349-5  41013-3 0  9994
2 48275  41.4708 190.7746 0110974 208.5253 151.2924 16.13892753   798
1 48275U 21035B   21124.46353114  .01666316  75492-5  39410-3 0  9995
2 48275  41.4709 189.1497 0108274 210.4999 148.9790 16.14718933   830
1 48275U 21035B   21124.52536759  .01714345  75518-5  39863-3 0  9997
2 48275  41.4713 188.7405 0107694 210.6584 148.8286 16.14984513   845
1 48275U 21035B   21124.58719247  .01860710  75492-5  42470-3 0  9995
2 48275  41.4713 188.3327 0107052 211.1496 148.3273 16.15275151   854
1 48275U 21035B   21125.08149527  .01837451  75810-5  38808-3 0  9999
2 48275  41.4697 185.0696 0101395 215.2783 144.0680 16.17070134   936
1 48275U 21035B   21125.20499934  .01779880  75896-5  36536-3 0  9994
2 48275  41.4685 184.2525 0100604 216.2036 143.1856 16.17473672   950
1 48275U 21035B   21125.51357918  .02021128  76029-5  39360-3 0  9996
2 48275  41.4678 182.2097 0096315 218.5809 140.8502 16.18763375  1002
1 48275U 21035B   21125.57525884  .01982916  76091-5  38243-3 0  9999
2 48275  41.4678 181.8007 0095578 219.0736 140.3094 16.18990091  1012
1 48275U 21035B   21126.49942899  .02297235  76778-5  36410-3 0  9990
2 48275  41.4682 175.6545 0083569 226.8794 132.6274 16.22946883  1167
1 48275U 21035B   21127.17561173  .02744179  77389-5  33013-3 0  9997
2 48275  41.4682 171.1343 0074672 232.3133 127.4958 16.26502733  1277
1 48275U 21035B   21127.35968879  .03146783  77539-5  34920-3 0  9994
2 48275  41.4660 169.9008 0070505 234.0645 125.4973 16.27719023  1306
1 48275U 21035B   21127.48237578  .02495030  77802-5  31105-3 0  9999
2 48275  41.4588 169.0619 0066493 233.4491 126.1001 16.28040374  1326
1 48275U 21035B   21127.78877859  .03040369  78203-5  24602-3 0  9996
2 48275  41.4691 167.0179 0064086 236.0860 123.4499 16.30390388  1377
1 48275U 21035B   21127.88099516  .03764146  78253-5  29644-3 0  9995
2 48275  41.4664 166.3975 0060128 238.3909 303.3275 16.31324895  1388
1 48275U 21035B   21128.16721749  .04372387  78711-5  25110-3 0  9993
2 48275  41.4664 164.4624 0054573 240.7188 185.5749 16.33856982  1432
1 48275U 21035B   21128.40022594  .05568855  79009-5  22983-3 0  9996
2 48275  41.4664 162.8816 0049524 242.6208 117.1713 16.36420321  1474
1 48275U 21035B   21128.52219278  .05839971  79277-5  20251-3 0  9999
2 48275  41.4664 162.0514 0046297 243.6200 116.0384 16.37905837  1493
1 48275U 21035B   21128.85708450  .10495065  80719-5  19011-3 0  9993
2 48275  41.4573 159.7603 0029099 247.8635 292.7779 16.44362448  1542
